%YAML:1.0 ---
#should write yml file version
image_width: 640
image_height: 480
camera_name: narrow_stereo
#should write dt(data type, d: double, i : integer, f : float)
camera_matrix: !!opencv-matrix
  rows: 3
  cols: 3
  dt: d
  data: [659.031524, 0, 334.544209, 0, 664.974507, 231.340493, 0, 0, 1]
distortion_model: plumb_bob
distortion_coefficients: !!opencv-matrix
  rows: 1
  cols: 5
  dt: d
  data: [0.065355, -0.212174, 0.000285, -0.000383, 0]
rectification_matrix: !!opencv-matrix
  rows: 3
  cols: 3
  dt: i
  data: [1, 0, 0, 0, 1, 0, 0, 0, 1]
projection_matrix: !!opencv-matrix
  rows: 3
  cols: 4
  dt: d
  data: [661.3893430000001, 0, 334.6, 0, 0, 668.3939820000001, 231.421893, 0, 0, 0, 1, 0] 
